   2.0000000e+00   2.0000000e+00   1.0000000e+00
   2.0000000e+00   3.0000000e+00   1.0000000e+00
   3.0000000e+00   1.0000000e+00   1.0000000e+00
   3.0000000e+00   2.0000000e+00   1.0000000e+00
   3.0000000e+00   3.0000000e+00   1.0000000e+00
   4.0000000e+00   2.0000000e+00   1.0000000e+00
   4.0000000e+00   4.0000000e+00   1.0000000e+00
   1.0000000e+00   1.0000000e+00  -1.0000000e+00
   0.0000000e+00   2.0000000e+00  -1.0000000e+00
  -1.0000000e+00   1.0000000e+00  -1.0000000e+00
  -1.0000000e+00   2.0000000e+00  -1.0000000e+00
  -2.0000000e+00   1.0000000e+00  -1.0000000e+00
  -2.0000000e+00   3.0000000e+00  -1.0000000e+00
   4.0979471e+01   4.9518421e+01   1.0000000e+00
   4.1569069e+01   4.9276271e+01   1.0000000e+00
   3.8970414e+01   5.1944204e+01   1.0000000e+00
   3.8518388e+01   5.0872724e+01   1.0000000e+00
   3.8900272e+01   4.9652733e+01   1.0000000e+00
   3.9400056e+01   4.8394521e+01   1.0000000e+00
   3.9148338e+01   5.0938237e+01   1.0000000e+00
   4.1709952e+01   5.0549225e+01   1.0000000e+00
   3.8205255e+01   4.8295368e+01   1.0000000e+00
   4.0370667e+01   4.8482033e+01   1.0000000e+00
   3.8651596e+01   5.1926385e+01   1.0000000e+00
   4.1353623e+01   4.9987198e+01   1.0000000e+00
   3.8670244e+01   4.8089655e+01   1.0000000e+00
   4.0008802e+01   4.8215326e+01   1.0000000e+00
   4.1997318e+01   4.8563495e+01   1.0000000e+00
   3.9421629e+01   5.1573897e+01   1.0000000e+00
   3.8188311e+01   4.9863280e+01   1.0000000e+00
   3.8854642e+01   5.0243427e+01   1.0000000e+00
   3.9591356e+01   4.9977825e+01   1.0000000e+00
   3.9334673e+01   4.8271142e+01   1.0000000e+00
   3.8918410e+01   5.1590586e+01   1.0000000e+00
   4.1744481e+01   4.9154261e+01   1.0000000e+00
   4.0732755e+01   4.9076187e+01   1.0000000e+00
   4.1848455e+01   5.0376777e+01   1.0000000e+00
   3.9751893e+01   4.9903516e+01   1.0000000e+00
   4.1761347e+01   4.9473244e+01   1.0000000e+00
   3.8023337e+01   5.0622444e+01   1.0000000e+00
   4.0441228e+01   5.1752802e+01   1.0000000e+00
   4.1204303e+01   5.0481701e+01   1.0000000e+00
   3.8931926e+01   4.9131360e+01   1.0000000e+00
   4.1729875e+01   4.8820725e+01   1.0000000e+00
   4.1053051e+01   4.9756536e+01   1.0000000e+00
   4.1305798e+01   4.8109001e+01   1.0000000e+00
   4.0293854e+01   5.1504737e+01   1.0000000e+00
   4.1170327e+01   5.0440369e+01   1.0000000e+00
   3.9316165e+01   4.8814370e+01   1.0000000e+00
   3.8893848e+01   5.0079667e+01   1.0000000e+00
   3.9249545e+01   4.8215297e+01   1.0000000e+00
   4.0338094e+01   5.1448750e+01   1.0000000e+00
   4.1319657e+01   4.9771739e+01   1.0000000e+00
   3.9161850e+01   5.0192037e+01   1.0000000e+00
   3.9610218e+01   5.0267443e+01   1.0000000e+00
   4.1448229e+01   5.0721580e+01   1.0000000e+00
   4.0458958e+01   4.9485514e+01   1.0000000e+00
   4.1964751e+01   4.8312915e+01   1.0000000e+00
   3.8814796e+01   4.9825403e+01   1.0000000e+00
   4.1308836e+01   4.8191375e+01   1.0000000e+00
   4.0703446e+01   5.0953028e+01   1.0000000e+00
   3.8995798e+01   4.8152006e+01   1.0000000e+00
   3.9903143e+01   5.1816977e+01   1.0000000e+00
   3.9596301e+01   5.0969489e+01   1.0000000e+00
   4.0397753e+01   5.1749798e+01   1.0000000e+00
   4.1202091e+01   5.0053456e+01   1.0000000e+00
   3.8420275e+01   4.8963619e+01   1.0000000e+00
   4.1285769e+01   4.9039861e+01   1.0000000e+00
   4.1364345e+01   5.1035897e+01   1.0000000e+00
   3.9418025e+01   5.1973371e+01   1.0000000e+00
   3.9720278e+01   4.9426823e+01   1.0000000e+00
   4.0288957e+01   5.1011431e+01   1.0000000e+00
   4.0803299e+01   4.8440194e+01   1.0000000e+00
   4.0969879e+01   5.0388181e+01   1.0000000e+00
   4.1031537e+01   4.9722381e+01   1.0000000e+00
   3.9556515e+01   5.0922872e+01   1.0000000e+00
   3.9717210e+01   4.9044705e+01   1.0000000e+00
   4.1825379e+01   4.8379231e+01   1.0000000e+00
   4.0291885e+01   4.9803854e+01   1.0000000e+00
   4.1398888e+01   5.0560298e+01   1.0000000e+00
   3.9105381e+01   4.8528155e+01   1.0000000e+00
   4.0489294e+01   4.9811290e+01   1.0000000e+00
   4.0353447e+01   5.0608798e+01   1.0000000e+00
   4.1853874e+01   5.1307993e+01   1.0000000e+00
   3.8343611e+01   4.9232308e+01   1.0000000e+00
   4.0001996e+01   4.9609454e+01   1.0000000e+00
   4.0086359e+01   5.1536925e+01   1.0000000e+00
   3.8360664e+01   5.0802318e+01   1.0000000e+00
   4.1618666e+01   4.8967489e+01   1.0000000e+00
   4.1537556e+01   5.1039327e+01   1.0000000e+00
   3.9755959e+01   4.9163703e+01   1.0000000e+00
   4.1126890e+01   4.9109755e+01   1.0000000e+00
   3.8593860e+01   4.8024431e+01   1.0000000e+00
   4.0479264e+01   4.9498845e+01   1.0000000e+00
   3.9042495e+01   4.9747731e+01   1.0000000e+00
   3.9782625e+01   4.9217194e+01   1.0000000e+00
   4.1375998e+01   4.9163441e+01   1.0000000e+00
   3.8784820e+01   4.8970065e+01   1.0000000e+00
   3.9215406e+01   5.1746734e+01   1.0000000e+00
   3.9933178e+01   5.1440761e+01   1.0000000e+00
   3.9351248e+01   4.9588913e+01   1.0000000e+00
   4.1193943e+01   4.9917676e+01   1.0000000e+00
   4.1949950e+01   5.0259984e+01   1.0000000e+00
   3.8636190e+01   4.9958478e+01   1.0000000e+00
   3.8947519e+01   4.9079247e+01   1.0000000e+00
   4.0808947e+01   5.1958961e+01   1.0000000e+00
   3.9501887e+01   4.8734703e+01   1.0000000e+00
   4.1894820e+01   5.1446627e+01   1.0000000e+00
   4.1889222e+01   4.8130530e+01   1.0000000e+00
   4.0574792e+01   4.9327832e+01   1.0000000e+00
   4.1440396e+01   5.0994988e+01   1.0000000e+00
   3.9607534e+01   5.0577466e+01   1.0000000e+00
   4.0527723e+01   4.8676952e+01   1.0000000e+00
   4.1940947e+01   5.1808820e+01   1.0000000e+00
   4.0237910e+01   5.0173081e+01   1.0000000e+00
   4.1734368e+01   4.9005654e+01   1.0000000e+00
   4.0881373e+01   5.0314289e+01   1.0000000e+00
   3.9936154e+01   5.1661906e+01   1.0000000e+00
   4.0556124e+01   5.1582386e+01   1.0000000e+00
   4.1550547e+01   4.9930026e+01   1.0000000e+00
   3.8794947e+01   4.9770960e+01   1.0000000e+00
   3.9581465e+01   4.9247020e+01   1.0000000e+00
   4.1968701e+01   4.8221255e+01   1.0000000e+00
   3.9609406e+01   5.1015167e+01   1.0000000e+00
   4.0635426e+01   4.8527790e+01   1.0000000e+00
   4.1605392e+01   4.9423688e+01   1.0000000e+00
   4.1981527e+01   4.9583484e+01   1.0000000e+00
   4.0612653e+01   5.1542085e+01   1.0000000e+00
   3.8433746e+01   4.8084958e+01   1.0000000e+00
   3.8144456e+01   5.1376323e+01   1.0000000e+00
   4.0472365e+01   4.9152283e+01   1.0000000e+00
   4.0268577e+01   4.9001372e+01   1.0000000e+00
   4.1847859e+01   4.9953519e+01   1.0000000e+00
   4.0984422e+01   5.0916144e+01   1.0000000e+00
   4.0650064e+01   4.8810464e+01   1.0000000e+00
   4.0093253e+01   4.8865105e+01   1.0000000e+00
   3.9039577e+01   5.1905338e+01   1.0000000e+00
   4.1847975e+01   5.0372943e+01   1.0000000e+00
   4.0160816e+01   4.9217614e+01   1.0000000e+00
   3.8121081e+01   5.1870812e+01   1.0000000e+00
   4.0785258e+01   5.1583879e+01   1.0000000e+00
   4.0078865e+01   4.8760102e+01   1.0000000e+00
   3.8236122e+01   4.8007197e+01   1.0000000e+00
   4.1560145e+01   5.0847055e+01   1.0000000e+00
   3.9320809e+01   5.1470907e+01   1.0000000e+00
   3.8918805e+01   4.8473232e+01   1.0000000e+00
   3.8455795e+01   4.8156092e+01   1.0000000e+00
   3.9243691e+01   5.0392778e+01   1.0000000e+00
   3.8913729e+01   5.0417254e+01   1.0000000e+00
   4.0607989e+01   5.0065730e+01   1.0000000e+00
   3.8264640e+01   4.8030030e+01   1.0000000e+00
   3.9101726e+01   5.0755733e+01   1.0000000e+00
   3.9127281e+01   5.1784082e+01   1.0000000e+00
   4.1520265e+01   5.1494146e+01   1.0000000e+00
   3.9777321e+01   4.8453106e+01   1.0000000e+00
   4.1023656e+01   4.9418277e+01   1.0000000e+00
   4.0413186e+01   4.8967747e+01   1.0000000e+00
   4.1133064e+01   5.0241333e+01   1.0000000e+00
   3.8455723e+01   5.0450908e+01   1.0000000e+00
   4.1914256e+01   4.9203236e+01   1.0000000e+00
   4.1394387e+01   5.1192567e+01   1.0000000e+00
   3.8202586e+01   5.1182567e+01   1.0000000e+00
   3.9864807e+01   5.1124369e+01   1.0000000e+00
   3.9302613e+01   4.9404394e+01   1.0000000e+00
   4.0520820e+01   4.8217189e+01   1.0000000e+00
   3.8921197e+01   5.0834818e+01   1.0000000e+00
   4.0319540e+01   5.1971714e+01   1.0000000e+00
   4.0412625e+01   4.8649906e+01   1.0000000e+00
   4.0399516e+01   4.8454265e+01   1.0000000e+00
   3.9793712e+01   5.1651502e+01   1.0000000e+00
   3.8141694e+01   4.9926628e+01   1.0000000e+00
   4.0055259e+01   5.1407224e+01   1.0000000e+00
   3.9630921e+01   5.1239655e+01   1.0000000e+00
   3.8432184e+01   4.8747038e+01   1.0000000e+00
   3.9839503e+01   4.8988799e+01   1.0000000e+00
   3.9803531e+01   4.8216755e+01   1.0000000e+00
   4.0204561e+01   5.0435846e+01   1.0000000e+00
   4.1221617e+01   5.1108930e+01   1.0000000e+00
   4.0803400e+01   5.0044256e+01   1.0000000e+00
   4.1488942e+01   4.8111000e+01   1.0000000e+00
   3.8208769e+01   5.1961541e+01   1.0000000e+00
   3.8878725e+01   5.0003760e+01   1.0000000e+00
   3.9838568e+01   4.9327990e+01   1.0000000e+00
   4.1834134e+01   4.8695533e+01   1.0000000e+00
   4.1160181e+01   5.0502546e+01   1.0000000e+00
   3.9807498e+01   5.0300539e+01   1.0000000e+00
   3.9333713e+01   5.1003942e+01   1.0000000e+00
   3.8236381e+01   4.8614075e+01   1.0000000e+00
   4.0963621e+01   4.9427149e+01   1.0000000e+00
   4.0027178e+01   4.8575803e+01   1.0000000e+00
   3.8799702e+01   5.1402431e+01   1.0000000e+00
   3.9708774e+01   4.9351479e+01   1.0000000e+00
   3.8674761e+01   4.9100786e+01   1.0000000e+00
   4.1006778e+01   4.8024044e+01   1.0000000e+00
   3.9473403e+01   5.1207648e+01   1.0000000e+00
   4.1767271e+01   4.9989633e+01   1.0000000e+00
   3.8068690e+01   5.0151371e+01   1.0000000e+00
   4.1316224e+01   5.1483650e+01   1.0000000e+00
   4.0506364e+01   5.0891374e+01   1.0000000e+00
   4.0154986e+01   5.0672344e+01   1.0000000e+00
   4.0602031e+01   4.8715311e+01   1.0000000e+00
   4.0906518e+01   5.0201981e+01   1.0000000e+00
   3.8377954e+01   5.1839500e+01   1.0000000e+00
   4.1510296e+01   5.0384087e+01   1.0000000e+00
   3.8057449e+01   5.1234283e+01   1.0000000e+00
   3.9177211e+01   5.1938129e+01   1.0000000e+00
   3.8719660e+01   5.1543698e+01   1.0000000e+00
   4.1705177e+01   4.8855348e+01   1.0000000e+00
   3.8272722e+01   4.8138520e+01   1.0000000e+00
   4.0324373e+01   4.9804495e+01   1.0000000e+00
   4.0548605e+01   4.8055178e+01   1.0000000e+00
   4.0605077e+01   4.9894843e+01   1.0000000e+00
   4.1458488e+01   5.1804788e+01   1.0000000e+00
   3.8223810e+01   4.8995809e+01   1.0000000e+00
   4.1267421e+01   4.9545691e+01   1.0000000e+00
   4.0115690e+01   4.9725734e+01   1.0000000e+00
   4.0777402e+01   5.1323546e+01   1.0000000e+00
   3.8849620e+01   5.1298587e+01   1.0000000e+00
   4.0173120e+01   4.9811994e+01   1.0000000e+00
   4.0810081e+01   4.9522241e+01   1.0000000e+00
   4.1825738e+01   5.1703474e+01   1.0000000e+00
   3.9778169e+01   5.0963375e+01   1.0000000e+00
   3.8341591e+01   5.0950532e+01   1.0000000e+00
   3.8229361e+01   5.1787664e+01   1.0000000e+00
   4.0517802e+01   5.0040399e+01   1.0000000e+00
   4.1184716e+01   5.1167517e+01   1.0000000e+00
   4.0764765e+01   4.9808694e+01   1.0000000e+00
   3.9381231e+01   5.1396795e+01   1.0000000e+00
   4.1787267e+01   4.9561723e+01   1.0000000e+00
   4.0080761e+01   5.0953506e+01   1.0000000e+00
   4.1815252e+01   5.1905754e+01   1.0000000e+00
   3.8294383e+01   5.0093196e+01   1.0000000e+00
   3.8828128e+01   4.9719661e+01   1.0000000e+00
   4.1100111e+01   4.8828632e+01   1.0000000e+00
   4.1656751e+01   4.9293606e+01   1.0000000e+00
   4.1130203e+01   4.8443481e+01   1.0000000e+00
   3.9182137e+01   4.9500840e+01   1.0000000e+00
   3.8607383e+01   4.9319616e+01   1.0000000e+00
   4.1391642e+01   4.9368421e+01   1.0000000e+00
   4.1139418e+01   5.1268475e+01   1.0000000e+00
   3.9083326e+01   5.0126741e+01   1.0000000e+00
   3.8911243e+01   5.0084488e+01   1.0000000e+00
   3.9284093e+01   5.1097239e+01   1.0000000e+00
   4.1318247e+01   4.8481051e+01   1.0000000e+00
   4.1288729e+01   5.0501801e+01   1.0000000e+00
   4.0282731e+01   4.9386595e+01   1.0000000e+00
   4.0287319e+01   4.9338478e+01   1.0000000e+00
   3.9144073e+01   5.0298466e+01   1.0000000e+00
   4.0796534e+01   5.1455751e+01   1.0000000e+00
   4.1185032e+01   4.8794252e+01   1.0000000e+00
   3.9766356e+01   5.0689804e+01   1.0000000e+00
   3.9784862e+01   5.1607325e+01   1.0000000e+00
   3.9862650e+01   4.8796629e+01   1.0000000e+00
   3.9116157e+01   4.9193137e+01   1.0000000e+00
   4.0701501e+01   4.9986081e+01   1.0000000e+00
   4.1614658e+01   5.1559617e+01   1.0000000e+00
   4.1634104e+01   5.0005658e+01   1.0000000e+00
   4.0988788e+01   4.9107981e+01   1.0000000e+00
   3.9042046e+01   5.0135833e+01   1.0000000e+00
   4.0758551e+01   5.0296998e+01   1.0000000e+00
   3.8527323e+01   4.9651218e+01   1.0000000e+00
   3.8494003e+01   4.8059055e+01   1.0000000e+00
   3.8763611e+01   5.0811059e+01   1.0000000e+00
   3.8582928e+01   5.0026989e+01   1.0000000e+00
   4.0340174e+01   4.9525064e+01   1.0000000e+00
   3.8293447e+01   4.8259726e+01   1.0000000e+00
   4.1289305e+01   4.9434320e+01   1.0000000e+00
   4.0891612e+01   4.8937005e+01   1.0000000e+00
   4.1703432e+01   4.8814016e+01   1.0000000e+00
   3.9970554e+01   5.1255118e+01   1.0000000e+00
   4.0619532e+01   4.9573738e+01   1.0000000e+00
   4.1560494e+01   4.8214301e+01   1.0000000e+00
   4.0154102e+01   4.9500206e+01   1.0000000e+00
   3.9128821e+01   5.1099977e+01   1.0000000e+00
   4.1903830e+01   4.8661190e+01   1.0000000e+00
   3.8145702e+01   5.1648876e+01   1.0000000e+00
   3.9304978e+01   4.9276823e+01   1.0000000e+00
   4.1892054e+01   4.9319119e+01   1.0000000e+00
   3.9460131e+01   4.8816943e+01   1.0000000e+00
   3.9236598e+01   5.1068859e+01   1.0000000e+00
   3.8483650e+01   4.8279893e+01   1.0000000e+00
   4.1663063e+01   5.1800136e+01   1.0000000e+00
   3.8541913e+01   4.8632839e+01   1.0000000e+00
   3.9328472e+01   4.9145783e+01   1.0000000e+00
   4.1589920e+01   5.0748516e+01   1.0000000e+00
   3.9998595e+01   4.8564599e+01   1.0000000e+00
   4.0461153e+01   5.0048347e+01   1.0000000e+00
   4.0332532e+01   5.0885308e+01   1.0000000e+00
   4.0793016e+01   5.1715381e+01   1.0000000e+00
   3.8117329e+01   5.0928415e+01   1.0000000e+00
   4.0111531e+01   5.0999392e+01   1.0000000e+00
   3.8128291e+01   4.9629278e+01   1.0000000e+00
   4.1308569e+01   4.8957967e+01   1.0000000e+00
   3.9359945e+01   5.0083402e+01   1.0000000e+00
   4.1386844e+01   4.8876309e+01   1.0000000e+00
   3.8984278e+01   5.1369552e+01   1.0000000e+00
   4.0325965e+01   5.0651732e+01   1.0000000e+00
   4.1750708e+01   5.1264941e+01   1.0000000e+00
   3.8191149e+01   5.1175510e+01   1.0000000e+00
   3.8215911e+01   4.9876421e+01   1.0000000e+00
   3.8082472e+01   4.9238100e+01   1.0000000e+00
   4.0725914e+01   5.0750317e+01   1.0000000e+00
   4.0394514e+01   5.1947409e+01   1.0000000e+00
   3.8456120e+01   5.1079736e+01   1.0000000e+00
   4.1184981e+01   5.1318323e+01   1.0000000e+00
   4.0471402e+01   5.0824339e+01   1.0000000e+00
   3.8280854e+01   5.0381346e+01   1.0000000e+00
   3.8277116e+01   5.1011496e+01   1.0000000e+00
   3.8544030e+01   4.9986889e+01   1.0000000e+00
   4.1155565e+01   5.1460531e+01   1.0000000e+00
   3.8369594e+01   4.8272111e+01   1.0000000e+00
   3.8951475e+01   5.1874184e+01   1.0000000e+00
   3.8974592e+01   4.8395025e+01   1.0000000e+00
   3.8419289e+01   5.0187908e+01   1.0000000e+00
   4.1433411e+01   4.9611880e+01   1.0000000e+00
   4.0792799e+01   4.8428161e+01   1.0000000e+00
   4.0934969e+01   5.0896665e+01   1.0000000e+00
   4.0602122e+01   5.0454729e+01   1.0000000e+00
   4.0065082e+01   5.1131873e+01   1.0000000e+00
   3.9305553e+01   5.0266482e+01   1.0000000e+00
   4.0647105e+01   5.1245277e+01   1.0000000e+00
   3.8470262e+01   5.0307103e+01   1.0000000e+00
   3.8591270e+01   5.1776117e+01   1.0000000e+00
   3.8079059e+01   5.1485809e+01   1.0000000e+00
   4.1857167e+01   5.0030409e+01   1.0000000e+00
   4.1881492e+01   5.1155293e+01   1.0000000e+00
   3.8495442e+01   4.9892123e+01   1.0000000e+00
   3.9869640e+01   5.1315207e+01   1.0000000e+00
   4.0626776e+01   4.9289926e+01   1.0000000e+00
   3.9160742e+01   5.1904586e+01   1.0000000e+00
   4.1018147e+01   4.9112844e+01   1.0000000e+00
   4.0232472e+01   4.8291323e+01   1.0000000e+00
   3.9711170e+01   5.1004894e+01   1.0000000e+00
   3.9068776e+01   5.1324754e+01   1.0000000e+00
   4.1014944e+01   5.1689352e+01   1.0000000e+00
   4.1593505e+01   4.9308097e+01   1.0000000e+00
   4.0913776e+01   5.1216277e+01   1.0000000e+00
   3.9627321e+01   5.0153001e+01   1.0000000e+00
   4.1753263e+01   4.9853180e+01   1.0000000e+00
   3.9021710e+01   5.1283001e+01   1.0000000e+00
   4.0132653e+01   5.1807626e+01   1.0000000e+00
   4.1819019e+01   4.8305092e+01   1.0000000e+00
   3.9070990e+01   5.0834684e+01   1.0000000e+00
   3.9000338e+01   4.8939706e+01   1.0000000e+00
   4.1710691e+01   4.9595582e+01   1.0000000e+00
   3.8274329e+01   4.9072498e+01   1.0000000e+00
   3.9197602e+01   5.1330053e+01   1.0000000e+00
   4.0366334e+01   5.1981495e+01   1.0000000e+00
   3.8813197e+01   5.0599004e+01   1.0000000e+00
   4.0543533e+01   5.0815811e+01   1.0000000e+00
   4.1193481e+01   5.1729213e+01   1.0000000e+00
   4.0006804e+01   5.0750610e+01   1.0000000e+00
   4.0603249e+01   5.0273416e+01   1.0000000e+00
   4.1183820e+01   4.9523390e+01   1.0000000e+00
   3.8933495e+01   5.0538318e+01   1.0000000e+00
   4.0403356e+01   4.9452914e+01   1.0000000e+00
   3.8449850e+01   4.9630478e+01   1.0000000e+00
   4.0063063e+01   4.9474799e+01   1.0000000e+00
   4.1351363e+01   4.9873595e+01   1.0000000e+00
   4.1683160e+01   5.0013655e+01   1.0000000e+00
   3.9992912e+01   5.1642143e+01   1.0000000e+00
   3.9110444e+01   4.8825724e+01   1.0000000e+00
   4.0610080e+01   4.9354415e+01   1.0000000e+00
   4.1669195e+01   5.0296502e+01   1.0000000e+00
   4.0039358e+01   4.9947730e+01   1.0000000e+00
   4.1896766e+01   4.9048876e+01   1.0000000e+00
   3.8789116e+01   5.0318374e+01   1.0000000e+00
   3.8444740e+01   5.1513311e+01   1.0000000e+00
   3.9189417e+01   4.8243801e+01   1.0000000e+00
   3.9585674e+01   4.9763506e+01   1.0000000e+00
   3.9683023e+01   4.8337032e+01   1.0000000e+00
   3.9245901e+01   5.0252950e+01   1.0000000e+00
   4.0775373e+01   5.0157242e+01   1.0000000e+00
   3.8367487e+01   5.1072232e+01   1.0000000e+00
   3.9608354e+01   4.8932361e+01   1.0000000e+00
   3.9180723e+01   5.0349447e+01   1.0000000e+00
   3.9225987e+01   4.9835895e+01   1.0000000e+00
   3.8422245e+01   5.1443926e+01   1.0000000e+00
   4.0375310e+01   5.0643344e+01   1.0000000e+00
   3.9130910e+01   4.9415517e+01   1.0000000e+00
   3.8620886e+01   4.9388745e+01   1.0000000e+00
   3.8002635e+01   4.9014872e+01   1.0000000e+00
   3.9134382e+01   5.1810113e+01   1.0000000e+00
   4.0203243e+01   4.9192804e+01   1.0000000e+00
   4.1483609e+01   4.8633624e+01   1.0000000e+00
   3.8169014e+01   4.9445188e+01   1.0000000e+00
   4.1618888e+01   5.0966516e+01   1.0000000e+00
   3.8523896e+01   5.0823600e+01   1.0000000e+00
   4.1334916e+01   5.0803569e+01   1.0000000e+00
   4.1201873e+01   4.8024903e+01   1.0000000e+00
   4.1671520e+01   4.9497382e+01   1.0000000e+00
   3.8549215e+01   5.1605982e+01   1.0000000e+00
   4.0018929e+01   4.9273379e+01   1.0000000e+00
   3.9619834e+01   5.0388332e+01   1.0000000e+00
   3.8694289e+01   4.9191181e+01   1.0000000e+00
   4.0300734e+01   4.8500058e+01   1.0000000e+00
   4.0424872e+01   4.9553423e+01   1.0000000e+00
   3.8857783e+01   5.1270751e+01   1.0000000e+00
   4.0079729e+01   5.1924703e+01   1.0000000e+00
   4.1956743e+01   5.1447959e+01   1.0000000e+00
   3.9959661e+01   4.8335284e+01   1.0000000e+00
   4.0779493e+01   4.9350848e+01   1.0000000e+00
   3.9645687e+01   4.8944517e+01   1.0000000e+00
   3.8139107e+01   4.9271222e+01   1.0000000e+00
   3.9171326e+01   5.1937794e+01   1.0000000e+00
   4.1205767e+01   5.0193004e+01   1.0000000e+00
   3.9386008e+01   5.0997005e+01   1.0000000e+00
   3.8333264e+01   5.1367407e+01   1.0000000e+00
   4.0044425e+01   4.8667559e+01   1.0000000e+00
   3.9467334e+01   5.1612390e+01   1.0000000e+00
   4.0957918e+01   4.8420497e+01   1.0000000e+00
   4.0098961e+01   5.0980372e+01   1.0000000e+00
   4.1218084e+01   5.0917488e+01   1.0000000e+00
   4.1267645e+01   5.0869878e+01   1.0000000e+00
   3.8757886e+01   4.8533727e+01   1.0000000e+00
   3.8494774e+01   4.9783156e+01   1.0000000e+00
   4.1283986e+01   5.0035149e+01   1.0000000e+00
   4.0551590e+01   5.0121961e+01   1.0000000e+00
   3.8064479e+01   5.1438868e+01   1.0000000e+00
   4.1583819e+01   5.0710900e+01   1.0000000e+00
   4.0061500e+01   5.1223353e+01   1.0000000e+00
   4.0178088e+01   5.0124971e+01   1.0000000e+00
   4.0425769e+01   5.1823583e+01   1.0000000e+00
   4.1041745e+01   4.8266708e+01   1.0000000e+00
   4.1421387e+01   5.0166072e+01   1.0000000e+00
   3.9531474e+01   4.9126641e+01   1.0000000e+00
   3.8338597e+01   4.9923601e+01   1.0000000e+00
   4.0935493e+01   5.0739455e+01   1.0000000e+00
   3.9327957e+01   4.8833034e+01   1.0000000e+00
   4.1358998e+01   5.0432644e+01   1.0000000e+00
   3.9486893e+01   4.9304705e+01   1.0000000e+00
   4.1312861e+01   5.1523389e+01   1.0000000e+00
   3.8706075e+01   4.8533578e+01   1.0000000e+00
   3.8518079e+01   4.8409631e+01   1.0000000e+00
   4.1519534e+01   5.1836468e+01   1.0000000e+00
   3.8176317e+01   4.8611608e+01   1.0000000e+00
   4.0746880e+01   4.8610152e+01   1.0000000e+00
   4.0935092e+01   4.8622210e+01   1.0000000e+00
   3.9748690e+01   4.8358278e+01   1.0000000e+00
   3.9519356e+01   4.9817698e+01   1.0000000e+00
   4.1918630e+01   5.0675583e+01   1.0000000e+00
   3.9595974e+01   5.1325207e+01   1.0000000e+00
   3.9760748e+01   5.1160941e+01   1.0000000e+00
   3.8627232e+01   5.0850844e+01   1.0000000e+00
   3.9304137e+01   4.9890390e+01   1.0000000e+00
   3.9256248e+01   5.0834353e+01   1.0000000e+00
   4.1578003e+01   5.1832238e+01   1.0000000e+00
   3.8988097e+01   5.0023102e+01   1.0000000e+00
   3.9242716e+01   4.9220212e+01   1.0000000e+00
   3.9635476e+01   5.1159245e+01   1.0000000e+00
   4.0832044e+01   4.8945548e+01   1.0000000e+00
   3.8574550e+01   4.8937211e+01   1.0000000e+00
   4.1485288e+01   4.9858798e+01   1.0000000e+00
   3.8332624e+01   5.0477547e+01   1.0000000e+00
   3.9846951e+01   5.0461318e+01   1.0000000e+00
   3.8121556e+01   4.8490496e+01   1.0000000e+00
   4.1012802e+01   4.8495174e+01   1.0000000e+00
   4.0800171e+01   4.9137836e+01   1.0000000e+00
   3.8858049e+01   5.0942931e+01   1.0000000e+00
   4.0719619e+01   4.9645232e+01   1.0000000e+00
   4.0229171e+01   5.1315928e+01   1.0000000e+00
   4.1402716e+01   5.1740456e+01   1.0000000e+00
   4.0234262e+01   4.9596267e+01   1.0000000e+00
   4.1607095e+01   4.8208846e+01   1.0000000e+00
   3.9678071e+01   5.0284744e+01   1.0000000e+00
   3.9432513e+01   5.0990680e+01   1.0000000e+00
   3.9955950e+01   4.9280974e+01   1.0000000e+00
   3.9023849e+01   4.9971737e+01   1.0000000e+00
   4.1716677e+01   4.8886611e+01   1.0000000e+00
   3.9867027e+01   5.1757095e+01   1.0000000e+00
   3.9016031e+01   4.9929221e+01   1.0000000e+00
   3.9724874e+01   5.0159984e+01   1.0000000e+00
   4.0810120e+01   4.8884228e+01   1.0000000e+00
   3.9609319e+01   4.8383780e+01   1.0000000e+00
   3.8727360e+01   4.8240662e+01   1.0000000e+00
   4.1425004e+01   5.1278035e+01   1.0000000e+00
   4.0336805e+01   5.1085913e+01   1.0000000e+00
   3.9494315e+01   4.8782783e+01   1.0000000e+00
   3.8886778e+01   5.1580473e+01   1.0000000e+00
   3.8875976e+01   5.0737201e+01   1.0000000e+00
   4.0088930e+01   5.0627386e+01   1.0000000e+00
   3.9733691e+01   5.1961525e+01   1.0000000e+00
   4.0965216e+01   4.8134767e+01   1.0000000e+00
   3.8281799e+01   4.9697013e+01   1.0000000e+00
   4.1389334e+01   4.9959935e+01   1.0000000e+00
   4.0719521e+01   5.0334018e+01   1.0000000e+00
   3.8546606e+01   4.8333079e+01   1.0000000e+00
   4.1433609e+01   5.0640619e+01   1.0000000e+00
   3.8799336e+01   4.8209221e+01   1.0000000e+00
   4.0429360e+01   5.0227322e+01   1.0000000e+00
   4.0172180e+01   5.0848101e+01   1.0000000e+00
   3.8649299e+01   4.9951643e+01   1.0000000e+00
   3.8022612e+01   5.0470403e+01   1.0000000e+00
   4.1085941e+01   4.8855110e+01   1.0000000e+00
   4.1059150e+01   5.0582635e+01   1.0000000e+00
   3.9684277e+01   4.9522569e+01   1.0000000e+00
   3.8227253e+01   4.8414851e+01   1.0000000e+00
   4.0342988e+01   4.9510046e+01   1.0000000e+00
   3.8696621e+01   4.9051443e+01   1.0000000e+00
   4.0914443e+01   4.8965142e+01   1.0000000e+00
   4.0137164e+01   5.0491696e+01   1.0000000e+00
   3.9012257e+01   5.0091711e+01   1.0000000e+00
   4.1668227e+01   4.9652951e+01   1.0000000e+00
   4.1032778e+01   4.8871168e+01   1.0000000e+00
   4.1548123e+01   5.1434214e+01   1.0000000e+00
   3.8275193e+01   5.1444033e+01   1.0000000e+00
   3.8734113e+01   4.9135756e+01   1.0000000e+00
   4.0948291e+01   5.0461571e+01   1.0000000e+00
   4.0786859e+01   5.1117958e+01   1.0000000e+00
   4.1107972e+01   5.1819389e+01   1.0000000e+00
   4.0007614e+01   5.1678413e+01   1.0000000e+00
   3.9701987e+01   4.9539263e+01   1.0000000e+00
   4.0444949e+01   4.8650572e+01   1.0000000e+00
   4.1423088e+01   5.1187006e+01   1.0000000e+00
   4.0683188e+01   4.8455269e+01   1.0000000e+00
   4.0094368e+01   4.8635297e+01   1.0000000e+00
   3.9195262e+01   4.9423312e+01   1.0000000e+00
   4.0815876e+01   5.1391034e+01   1.0000000e+00
   3.9526444e+01   5.0331125e+01   1.0000000e+00
   4.0270740e+01   5.0344711e+01   1.0000000e+00
   4.1551444e+01   5.1703352e+01   1.0000000e+00
   4.1371797e+01   5.0300313e+01   1.0000000e+00
   4.1595194e+01   4.8039910e+01   1.0000000e+00
   4.1756012e+01   5.1237509e+01   1.0000000e+00
   4.1261741e+01   5.0435233e+01   1.0000000e+00
   3.8005431e+01   4.9919655e+01   1.0000000e+00
   3.8012363e+01   4.9073761e+01   1.0000000e+00
   3.8349875e+01   4.9032386e+01   1.0000000e+00
   3.9042909e+01   4.9924038e+01   1.0000000e+00
   3.8091195e+01   4.8909366e+01   1.0000000e+00
   3.9696339e+01   4.8194409e+01   1.0000000e+00
   3.9364260e+01   4.8676967e+01   1.0000000e+00
   4.0165416e+01   4.9033785e+01   1.0000000e+00
   4.1704676e+01   4.8791640e+01   1.0000000e+00
   3.9193998e+01   5.0422772e+01   1.0000000e+00
   3.9352339e+01   5.1294815e+01   1.0000000e+00
   4.1437920e+01   5.1242460e+01   1.0000000e+00
   3.9361913e+01   5.1208948e+01   1.0000000e+00
   3.8552482e+01   5.0832454e+01   1.0000000e+00
   4.0031196e+01   5.1437511e+01   1.0000000e+00
   4.1426626e+01   5.1124338e+01   1.0000000e+00
   3.9537254e+01   4.8815187e+01   1.0000000e+00
   4.0782764e+01   5.1973373e+01   1.0000000e+00
   4.0511617e+01   4.8374498e+01   1.0000000e+00
   3.9801553e+01   5.0602474e+01   1.0000000e+00
   3.9894472e+01   4.8860706e+01   1.0000000e+00
   4.1798825e+01   4.8975492e+01   1.0000000e+00
   3.8333990e+01   4.9358751e+01   1.0000000e+00
   3.9119316e+01   4.8791449e+01   1.0000000e+00
   3.9788029e+01   5.0027334e+01   1.0000000e+00
   4.0350285e+01   5.1803032e+01   1.0000000e+00
   4.1510537e+01   4.9578429e+01   1.0000000e+00
   3.9876402e+01   5.0337859e+01   1.0000000e+00
   3.9749674e+01   5.0426149e+01   1.0000000e+00
   4.0984740e+01   5.0858571e+01   1.0000000e+00
   3.9871642e+01   4.9606145e+01   1.0000000e+00
   4.1443309e+01   5.1434764e+01   1.0000000e+00
   3.9866048e+01   5.1681940e+01   1.0000000e+00
   3.9992418e+01   5.1003356e+01   1.0000000e+00
   3.9949723e+01   4.9142367e+01   1.0000000e+00
   3.8917875e+01   5.1187263e+01   1.0000000e+00
   3.8342209e+01   4.8571063e+01   1.0000000e+00
   3.8269533e+01   5.0018201e+01   1.0000000e+00
   4.1553564e+01   5.0442752e+01   1.0000000e+00
   3.8932671e+01   5.0815187e+01   1.0000000e+00
   4.1446383e+01   4.9533360e+01   1.0000000e+00
   4.0846940e+01   5.0914734e+01   1.0000000e+00
   4.1491252e+01   5.1549139e+01   1.0000000e+00
   4.1752008e+01   4.8223393e+01   1.0000000e+00
   3.8558757e+01   4.8552865e+01   1.0000000e+00
   3.9575601e+01   5.1452260e+01   1.0000000e+00
   4.1922251e+01   4.9686986e+01   1.0000000e+00
   4.0579176e+01   4.9645257e+01   1.0000000e+00
   4.1585639e+01   5.1836565e+01   1.0000000e+00
   3.9928922e+01   5.1000981e+01   1.0000000e+00
   3.8056372e+01   5.1923988e+01   1.0000000e+00
   4.0491521e+01   4.8934063e+01   1.0000000e+00
   3.8924381e+01   4.8384907e+01   1.0000000e+00
   4.0109736e+01   4.9538329e+01   1.0000000e+00
   4.0899968e+01   5.0001090e+01   1.0000000e+00
   4.0429663e+01   5.0281023e+01   1.0000000e+00
   4.0353466e+01   5.1906526e+01   1.0000000e+00
   3.9733739e+01   4.9971421e+01   1.0000000e+00
   3.8976692e+01   4.9603531e+01   1.0000000e+00
   3.9715841e+01   5.1979961e+01   1.0000000e+00
   3.8040710e+01   4.9043992e+01   1.0000000e+00
   4.0435286e+01   5.0661299e+01   1.0000000e+00
   4.1831901e+01   5.1857026e+01   1.0000000e+00
   3.8381786e+01   5.0684604e+01   1.0000000e+00
   3.8142362e+01   4.9196699e+01   1.0000000e+00
   4.1544940e+01   5.0124506e+01   1.0000000e+00
   3.8987765e+01   4.8005853e+01   1.0000000e+00
   3.8035660e+01   5.1535155e+01   1.0000000e+00
   4.1259681e+01   4.9617535e+01   1.0000000e+00
   3.8561998e+01   4.9204822e+01   1.0000000e+00
   4.1519466e+01   5.1802326e+01   1.0000000e+00
   3.8381507e+01   4.9842593e+01   1.0000000e+00
   3.9410240e+01   4.9150590e+01   1.0000000e+00
   4.0373682e+01   4.8338507e+01   1.0000000e+00
   4.0340727e+01   5.0328725e+01   1.0000000e+00
   4.0670727e+01   4.8612275e+01   1.0000000e+00
   4.0592108e+01   4.8292377e+01   1.0000000e+00
   3.9733476e+01   5.0322259e+01   1.0000000e+00
   3.8559035e+01   4.9148059e+01   1.0000000e+00
   4.1007718e+01   4.9447680e+01   1.0000000e+00
   3.8967147e+01   5.0899299e+01   1.0000000e+00
   4.0601837e+01   5.1433247e+01   1.0000000e+00
   4.1429496e+01   4.9391663e+01   1.0000000e+00
   3.8337482e+01   5.1846982e+01   1.0000000e+00
   4.1888357e+01   5.1814276e+01   1.0000000e+00
   3.8125840e+01   4.8824150e+01   1.0000000e+00
   4.1341618e+01   5.1072979e+01   1.0000000e+00
   4.1342853e+01   5.0462128e+01   1.0000000e+00
   3.8199430e+01   5.1675690e+01   1.0000000e+00
   4.0183545e+01   5.0410149e+01   1.0000000e+00
   4.1772679e+01   5.0808553e+01   1.0000000e+00
   3.9285892e+01   5.0974700e+01   1.0000000e+00
   4.1225867e+01   4.9540409e+01   1.0000000e+00
   4.0405595e+01   4.9006015e+01   1.0000000e+00
   4.1158482e+01   4.8147039e+01   1.0000000e+00
   4.1196740e+01   4.9888491e+01   1.0000000e+00
   3.8198259e+01   5.0580289e+01   1.0000000e+00
   3.9132795e+01   4.9115880e+01   1.0000000e+00
   4.0613827e+01   5.0071444e+01   1.0000000e+00
   3.9958621e+01   4.8982667e+01   1.0000000e+00
   4.1891409e+01   4.9190033e+01   1.0000000e+00
   4.0993960e+01   5.0601896e+01   1.0000000e+00
   4.0271365e+01   5.1565573e+01   1.0000000e+00
   3.9195857e+01   5.1444426e+01   1.0000000e+00
   3.9024439e+01   4.8839660e+01   1.0000000e+00
   4.1546255e+01   4.9596376e+01   1.0000000e+00
   3.9787203e+01   5.1551532e+01   1.0000000e+00
   4.1263949e+01   4.9026112e+01   1.0000000e+00
   3.8393349e+01   5.1867206e+01   1.0000000e+00
   4.1438374e+01   5.0476629e+01   1.0000000e+00
   3.8110516e+01   4.8661383e+01   1.0000000e+00
   4.1596626e+01   5.1304796e+01   1.0000000e+00
   4.1599742e+01   5.0622772e+01   1.0000000e+00
   4.0096424e+01   5.0185810e+01   1.0000000e+00
   3.8480798e+01   4.9005317e+01   1.0000000e+00
   3.8711176e+01   4.8160626e+01   1.0000000e+00
   4.0824430e+01   4.8933502e+01   1.0000000e+00
   4.1325439e+01   4.9444452e+01   1.0000000e+00
   3.8139335e+01   5.0533820e+01   1.0000000e+00
   4.1031355e+01   5.1944392e+01   1.0000000e+00
   4.1828449e+01   4.8828627e+01   1.0000000e+00
   3.9371482e+01   5.1028336e+01   1.0000000e+00
   4.0552975e+01   5.1545312e+01   1.0000000e+00
   3.9372023e+01   4.9888919e+01   1.0000000e+00
   3.8865886e+01   4.8635654e+01   1.0000000e+00
   4.1144803e+01   5.1243683e+01   1.0000000e+00
   4.0892360e+01   4.9906031e+01   1.0000000e+00
   3.9115356e+01   4.8465150e+01   1.0000000e+00
   4.0329726e+01   5.1502882e+01   1.0000000e+00
   3.9684023e+01   5.0540746e+01   1.0000000e+00
   3.8368275e+01   4.8389125e+01   1.0000000e+00
   3.8096109e+01   5.1633758e+01   1.0000000e+00
   3.9964583e+01   4.8140064e+01   1.0000000e+00
   3.9113068e+01   4.8158999e+01   1.0000000e+00
   3.9359029e+01   5.1954272e+01   1.0000000e+00
   3.9149398e+01   5.0744726e+01   1.0000000e+00
   3.8683613e+01   4.9506757e+01   1.0000000e+00
   3.9597053e+01   5.0017297e+01   1.0000000e+00
   4.0790598e+01   5.1053983e+01   1.0000000e+00
   3.8814706e+01   4.8195499e+01   1.0000000e+00
   4.0665306e+01   5.0903711e+01   1.0000000e+00
   3.9772264e+01   5.0805312e+01   1.0000000e+00
   3.9733181e+01   4.9835563e+01   1.0000000e+00
   3.8700958e+01   5.0329179e+01   1.0000000e+00
   3.8772809e+01   4.9356359e+01   1.0000000e+00
   4.0465685e+01   4.8682502e+01   1.0000000e+00
   3.9076042e+01   4.9596774e+01   1.0000000e+00
   4.0238712e+01   5.1679109e+01   1.0000000e+00
   4.1779136e+01   4.8904182e+01   1.0000000e+00
   4.0857887e+01   4.9444027e+01   1.0000000e+00
   4.0716879e+01   4.9298248e+01   1.0000000e+00
   4.1837522e+01   4.8334328e+01   1.0000000e+00
   4.1101337e+01   5.0050662e+01   1.0000000e+00
   4.0430908e+01   5.1331459e+01   1.0000000e+00
   4.1792009e+01   5.1618454e+01   1.0000000e+00
   3.8238566e+01   5.0894384e+01   1.0000000e+00
   3.9074849e+01   4.9531983e+01   1.0000000e+00
   4.1946720e+01   4.9192068e+01   1.0000000e+00
   4.1088827e+01   5.0766847e+01   1.0000000e+00
   3.9901417e+01   5.1521828e+01   1.0000000e+00
   4.0723598e+01   5.1698193e+01   1.0000000e+00
   3.9667739e+01   4.8325011e+01   1.0000000e+00
   3.9520597e+01   4.9930692e+01   1.0000000e+00
   3.8853082e+01   4.8513060e+01   1.0000000e+00
   3.9531752e+01   4.9011645e+01   1.0000000e+00
   3.8118671e+01   5.1535846e+01   1.0000000e+00
   3.9889284e+01   4.8785108e+01   1.0000000e+00
   3.9333491e+01   4.8485415e+01   1.0000000e+00
   4.1903379e+01   5.0174780e+01   1.0000000e+00
   4.0221774e+01   4.9258483e+01   1.0000000e+00
   4.1385215e+01   4.9528164e+01   1.0000000e+00
   3.9632254e+01   5.1166157e+01   1.0000000e+00
   3.9848073e+01   5.1356718e+01   1.0000000e+00
   4.1305227e+01   5.0720946e+01   1.0000000e+00
   4.1964813e+01   4.9667688e+01   1.0000000e+00
   4.0095791e+01   5.0571559e+01   1.0000000e+00
   4.1701748e+01   4.8856326e+01   1.0000000e+00
   4.0956087e+01   5.0469083e+01   1.0000000e+00
   4.0269720e+01   5.0700765e+01   1.0000000e+00
   4.1875111e+01   5.0404094e+01   1.0000000e+00
   4.1297998e+01   4.9385238e+01   1.0000000e+00
   4.1838437e+01   4.9457605e+01   1.0000000e+00
   4.0585384e+01   4.8685924e+01   1.0000000e+00
   3.9518294e+01   5.1181446e+01   1.0000000e+00
   3.9906299e+01   4.9970668e+01   1.0000000e+00
   4.1647559e+01   4.9418491e+01   1.0000000e+00
   3.8059415e+01   5.1100245e+01   1.0000000e+00
   3.8626775e+01   4.8947219e+01   1.0000000e+00
   3.9886272e+01   5.1379334e+01   1.0000000e+00
   4.0171967e+01   5.1266108e+01   1.0000000e+00
   3.8238764e+01   5.1384913e+01   1.0000000e+00
   4.0632121e+01   4.9480747e+01   1.0000000e+00
   4.1558541e+01   4.9532918e+01   1.0000000e+00
   3.8438530e+01   5.1445339e+01   1.0000000e+00
   3.9751092e+01   4.9855637e+01   1.0000000e+00
   3.9120920e+01   5.0282193e+01   1.0000000e+00
   4.1940985e+01   5.0781227e+01   1.0000000e+00
   4.0435035e+01   5.1843669e+01   1.0000000e+00
   3.9014997e+01   5.0185252e+01   1.0000000e+00
   3.8530459e+01   5.0546306e+01   1.0000000e+00
   4.0180020e+01   5.0283570e+01   1.0000000e+00
   4.1311216e+01   5.1708449e+01   1.0000000e+00
   4.1348025e+01   5.1455062e+01   1.0000000e+00
   4.1333395e+01   4.8679357e+01   1.0000000e+00
   3.8814862e+01   4.8714796e+01   1.0000000e+00
   4.0177671e+01   4.8974017e+01   1.0000000e+00
   4.1499771e+01   5.1007117e+01   1.0000000e+00
   3.8484000e+01   4.8796538e+01   1.0000000e+00
   4.1425403e+01   5.1931762e+01   1.0000000e+00
   4.1599104e+01   5.0838555e+01   1.0000000e+00
   3.8871460e+01   4.8701745e+01   1.0000000e+00
   3.8307916e+01   5.1433190e+01   1.0000000e+00
   3.9896861e+01   5.1637646e+01   1.0000000e+00
   4.1340110e+01   5.1846652e+01   1.0000000e+00
   3.9877574e+01   5.0282399e+01   1.0000000e+00
   3.9655080e+01   5.0251517e+01   1.0000000e+00
   4.0010985e+01   4.8706645e+01   1.0000000e+00
   3.8501760e+01   5.0054716e+01   1.0000000e+00
   3.8529141e+01   5.0193888e+01   1.0000000e+00
   4.1481901e+01   4.8661110e+01   1.0000000e+00
   4.0411801e+01   4.9975572e+01   1.0000000e+00
   3.9061207e+01   5.0140469e+01   1.0000000e+00
   4.1459210e+01   4.8795229e+01   1.0000000e+00
   3.8232438e+01   5.0492676e+01   1.0000000e+00
   3.9831016e+01   4.8105262e+01   1.0000000e+00
   4.0888839e+01   4.9275164e+01   1.0000000e+00
   3.9355997e+01   5.0131998e+01   1.0000000e+00
   3.9604879e+01   4.9307095e+01   1.0000000e+00
   4.0107919e+01   5.0408762e+01   1.0000000e+00
   4.1576943e+01   4.9447731e+01   1.0000000e+00
   4.1113443e+01   4.8539683e+01   1.0000000e+00
   3.8277470e+01   5.1655254e+01   1.0000000e+00
   3.9115138e+01   5.0562235e+01   1.0000000e+00
   3.9517479e+01   5.0635097e+01   1.0000000e+00
   4.1458690e+01   5.0701321e+01   1.0000000e+00
   3.9679841e+01   5.0978231e+01   1.0000000e+00
   3.8959510e+01   5.1368710e+01   1.0000000e+00
   4.0390618e+01   5.0066629e+01   1.0000000e+00
   3.9917618e+01   4.8607475e+01   1.0000000e+00
   4.1594190e+01   4.9522657e+01   1.0000000e+00
   4.1738837e+01   5.1284078e+01   1.0000000e+00
   4.1271547e+01   4.8685458e+01   1.0000000e+00
   4.0835636e+01   4.9319901e+01   1.0000000e+00
   4.0972882e+01   5.1865888e+01   1.0000000e+00
   4.1598839e+01   5.1225170e+01   1.0000000e+00
   3.8260959e+01   4.8888752e+01   1.0000000e+00
   3.9343645e+01   5.1999092e+01   1.0000000e+00
   3.8017340e+01   4.8254955e+01   1.0000000e+00
   4.1312382e+01   4.9701932e+01   1.0000000e+00
   4.0029742e+01   4.9617353e+01   1.0000000e+00
   3.9464650e+01   4.9601172e+01   1.0000000e+00
   3.8906559e+01   4.8447691e+01   1.0000000e+00
   4.0139327e+01   4.9697243e+01   1.0000000e+00
   3.9157939e+01   5.0454184e+01   1.0000000e+00
   3.8273484e+01   5.1952245e+01   1.0000000e+00
   3.8339883e+01   4.8879603e+01   1.0000000e+00
   3.8273358e+01   4.9416324e+01   1.0000000e+00
   3.9639266e+01   4.9064968e+01   1.0000000e+00
   3.8493526e+01   4.9165992e+01   1.0000000e+00
   3.9772066e+01   4.8753558e+01   1.0000000e+00
   4.1595759e+01   4.8091438e+01   1.0000000e+00
   3.9414556e+01   4.9797617e+01   1.0000000e+00
   3.8480712e+01   4.8974561e+01   1.0000000e+00
   4.0276444e+01   5.1474906e+01   1.0000000e+00
   4.1500131e+01   5.0114443e+01   1.0000000e+00
   3.9394300e+01   5.1656541e+01   1.0000000e+00
   3.8167684e+01   5.1895721e+01   1.0000000e+00
   3.8569359e+01   5.0341704e+01   1.0000000e+00
   3.8306371e+01   4.8475902e+01   1.0000000e+00
   4.0962106e+01   5.1706130e+01   1.0000000e+00
   3.9826101e+01   5.0374243e+01   1.0000000e+00
   4.0672997e+01   5.1534461e+01   1.0000000e+00
   4.0796984e+01   4.9697904e+01   1.0000000e+00
   4.0285429e+01   5.0429030e+01   1.0000000e+00
   4.0514773e+01   4.8283054e+01   1.0000000e+00
   4.1511056e+01   5.1699090e+01   1.0000000e+00
   4.0649407e+01   5.0568318e+01   1.0000000e+00
   4.1501654e+01   4.8417999e+01   1.0000000e+00
   3.9870068e+01   5.0800900e+01   1.0000000e+00
   3.8565344e+01   4.9583217e+01   1.0000000e+00
   3.8272538e+01   4.8339619e+01   1.0000000e+00
   4.0856970e+01   4.8857915e+01   1.0000000e+00
   3.9231944e+01   4.8995196e+01   1.0000000e+00
   4.0684656e+01   4.8906613e+01   1.0000000e+00
   4.0609683e+01   5.0812018e+01   1.0000000e+00
   4.0124195e+01   5.1016610e+01   1.0000000e+00
   4.0860428e+01   5.0189147e+01   1.0000000e+00
   4.0019242e+01   5.0213934e+01   1.0000000e+00
   3.9951997e+01   5.0522291e+01   1.0000000e+00
   3.9991353e+01   5.1941828e+01   1.0000000e+00
   4.1743902e+01   5.0537113e+01   1.0000000e+00
   3.9557127e+01   5.0401822e+01   1.0000000e+00
   3.8468581e+01   5.1636748e+01   1.0000000e+00
   3.8961694e+01   5.0283347e+01   1.0000000e+00
   4.0739634e+01   4.9341680e+01   1.0000000e+00
   4.1357014e+01   5.1828557e+01   1.0000000e+00
   4.1880579e+01   4.9759692e+01   1.0000000e+00
   3.8860678e+01   5.0406170e+01   1.0000000e+00
   4.1041373e+01   5.0881049e+01   1.0000000e+00
   4.0336411e+01   5.0715113e+01   1.0000000e+00
   3.9611806e+01   4.8851036e+01   1.0000000e+00
   4.0040161e+01   4.8326494e+01   1.0000000e+00
   3.9982577e+01   4.9097918e+01   1.0000000e+00
   4.0605473e+01   5.1470074e+01   1.0000000e+00
   4.0974825e+01   5.0237428e+01   1.0000000e+00
   3.9207814e+01   4.9858511e+01   1.0000000e+00
   3.8358448e+01   4.9721204e+01   1.0000000e+00
   4.1303862e+01   5.1095944e+01   1.0000000e+00
   3.9558348e+01   5.0615682e+01   1.0000000e+00
   4.1101219e+01   5.0630917e+01   1.0000000e+00
   3.8717476e+01   4.8644084e+01   1.0000000e+00
   3.8437445e+01   4.9729507e+01   1.0000000e+00
   4.1620633e+01   5.0020344e+01   1.0000000e+00
   4.1505404e+01   4.9501329e+01   1.0000000e+00
   4.1999170e+01   4.9921489e+01   1.0000000e+00
   4.1457019e+01   4.9369686e+01   1.0000000e+00
   3.8147510e+01   5.1108586e+01   1.0000000e+00
   4.0178730e+01   4.9535775e+01   1.0000000e+00
   4.1990465e+01   5.0846226e+01   1.0000000e+00
   4.0044033e+01   4.9923734e+01   1.0000000e+00
   4.1494049e+01   5.0916721e+01   1.0000000e+00
   3.8280886e+01   5.1750237e+01   1.0000000e+00
   4.1950155e+01   5.0069018e+01   1.0000000e+00
   4.1690854e+01   5.1612275e+01   1.0000000e+00
   4.0257044e+01   4.8872771e+01   1.0000000e+00
   3.9725848e+01   5.1492877e+01   1.0000000e+00
   3.9351378e+01   4.8330772e+01   1.0000000e+00
   4.0882894e+01   4.9861614e+01   1.0000000e+00
   3.8054622e+01   4.8087719e+01   1.0000000e+00
   3.9496241e+01   5.1233122e+01   1.0000000e+00
   4.1690741e+01   4.8716838e+01   1.0000000e+00
   4.0185919e+01   4.8661569e+01   1.0000000e+00
   3.9895547e+01   4.8726414e+01   1.0000000e+00
   3.9986149e+01   5.0765746e+01   1.0000000e+00
   3.9235884e+01   4.8855054e+01   1.0000000e+00
   4.1803350e+01   4.9192419e+01   1.0000000e+00
   4.1927973e+01   5.1073341e+01   1.0000000e+00
   4.0054252e+01   5.0004600e+01   1.0000000e+00
   4.1970359e+01   5.1637859e+01   1.0000000e+00
   3.9823375e+01   4.8231412e+01   1.0000000e+00
   3.9704164e+01   4.9747008e+01   1.0000000e+00
   3.8852859e+01   5.0289019e+01   1.0000000e+00
   3.8772998e+01   5.0260269e+01   1.0000000e+00
   4.1331017e+01   5.1295266e+01   1.0000000e+00
   4.0906548e+01   4.8504395e+01   1.0000000e+00
   4.0118983e+01   4.9200467e+01   1.0000000e+00
   4.1316323e+01   4.8008488e+01   1.0000000e+00
   4.0047498e+01   5.1804429e+01   1.0000000e+00
   4.0207847e+01   5.1065197e+01   1.0000000e+00
   3.8853140e+01   5.1005217e+01   1.0000000e+00
   4.0351283e+01   4.8555459e+01   1.0000000e+00
   3.8571053e+01   4.9397278e+01   1.0000000e+00
   3.8208894e+01   4.8605362e+01   1.0000000e+00
   4.0733232e+01   4.9986883e+01   1.0000000e+00
   4.0434238e+01   5.1234609e+01   1.0000000e+00
   3.8878624e+01   5.0531475e+01   1.0000000e+00
   3.9625120e+01   5.0753606e+01   1.0000000e+00
   4.0519632e+01   5.0558281e+01   1.0000000e+00
   4.0221230e+01   5.0917287e+01   1.0000000e+00
   3.8510316e+01   5.1439383e+01   1.0000000e+00
   3.8676793e+01   5.0507822e+01   1.0000000e+00
   3.8003998e+01   4.8722365e+01   1.0000000e+00
   3.9672650e+01   5.0293226e+01   1.0000000e+00
   3.9953943e+01   4.8654265e+01   1.0000000e+00
   3.8639475e+01   5.1624207e+01   1.0000000e+00
   4.0667354e+01   4.8309371e+01   1.0000000e+00
   3.8071681e+01   4.9354139e+01   1.0000000e+00
   3.8478701e+01   5.0322470e+01   1.0000000e+00
   4.1808501e+01   4.9900941e+01   1.0000000e+00
   4.1903416e+01   5.1221282e+01   1.0000000e+00
   3.8123658e+01   5.0123113e+01   1.0000000e+00
   3.9975527e+01   4.8909241e+01   1.0000000e+00
   4.1450889e+01   5.0837940e+01   1.0000000e+00
   3.8971505e+01   4.8594530e+01   1.0000000e+00
   4.1337081e+01   5.0632465e+01   1.0000000e+00
   4.1254365e+01   5.0535930e+01   1.0000000e+00
   4.0515892e+01   4.8917225e+01   1.0000000e+00
   3.8008953e+01   4.8728912e+01   1.0000000e+00
   3.9518896e+01   4.8665410e+01   1.0000000e+00
   4.1617623e+01   4.8598428e+01   1.0000000e+00
   4.0721407e+01   4.8810990e+01   1.0000000e+00
   3.9515293e+01   5.1819836e+01   1.0000000e+00
   4.0527819e+01   4.8063633e+01   1.0000000e+00
   3.8973078e+01   5.1830057e+01   1.0000000e+00
   4.0285652e+01   4.8102769e+01   1.0000000e+00
   4.1926915e+01   5.1884443e+01   1.0000000e+00
   4.1398728e+01   4.9190383e+01   1.0000000e+00
   3.9133777e+01   5.0100292e+01   1.0000000e+00
   4.0729831e+01   5.1449357e+01   1.0000000e+00
   3.9432498e+01   5.1585620e+01   1.0000000e+00
   4.1947707e+01   4.8756042e+01   1.0000000e+00
   3.8335945e+01   5.0642878e+01   1.0000000e+00
   3.9001224e+01   5.1764924e+01   1.0000000e+00
   4.1245386e+01   5.1902829e+01   1.0000000e+00
   3.8337692e+01   4.8431741e+01   1.0000000e+00
   4.0125016e+01   4.8715597e+01   1.0000000e+00
   4.1202492e+01   5.0986206e+01   1.0000000e+00
   4.0955293e+01   4.8197874e+01   1.0000000e+00
   3.8566652e+01   4.8285140e+01   1.0000000e+00
   3.9751577e+01   4.9956502e+01   1.0000000e+00
   3.9401521e+01   5.1399575e+01   1.0000000e+00
   3.9913990e+01   5.1988166e+01   1.0000000e+00
   4.0349614e+01   4.8017570e+01   1.0000000e+00
   3.8583223e+01   5.0170430e+01   1.0000000e+00
   4.1621322e+01   5.1445393e+01   1.0000000e+00
   4.0560777e+01   5.1636556e+01   1.0000000e+00
   3.8651758e+01   5.1381402e+01   1.0000000e+00
   4.0263642e+01   5.1515492e+01   1.0000000e+00
   4.1726465e+01   5.0984729e+01   1.0000000e+00
   4.1132408e+01   4.8469958e+01   1.0000000e+00
   4.0742749e+01   5.0036089e+01   1.0000000e+00
   3.9864877e+01   4.8675327e+01   1.0000000e+00
   3.9041272e+01   5.1324446e+01   1.0000000e+00
   4.0277073e+01   5.1712043e+01   1.0000000e+00
   3.8995083e+01   4.8677938e+01   1.0000000e+00
   3.9277206e+01   5.1534949e+01   1.0000000e+00
   4.1643209e+01   4.9551452e+01   1.0000000e+00
   4.1540880e+01   4.9530278e+01   1.0000000e+00
   4.1178358e+01   4.9085812e+01   1.0000000e+00
   4.1703239e+01   5.1471533e+01   1.0000000e+00
   3.8715360e+01   5.0966010e+01   1.0000000e+00
   4.0070165e+01   4.9791491e+01   1.0000000e+00
   4.0508021e+01   5.0838555e+01   1.0000000e+00
   4.1652729e+01   5.1777325e+01   1.0000000e+00
   4.0655873e+01   4.8696471e+01   1.0000000e+00
   3.9556771e+01   4.8978385e+01   1.0000000e+00
   4.0960030e+01   5.0563716e+01   1.0000000e+00
   4.1270539e+01   5.1234450e+01   1.0000000e+00
   4.0401379e+01   5.1413484e+01   1.0000000e+00
   3.8339988e+01   4.9592471e+01   1.0000000e+00
   4.1689432e+01   4.8461975e+01   1.0000000e+00
   3.8214391e+01   4.8321124e+01   1.0000000e+00
   4.0108100e+01   4.9441870e+01   1.0000000e+00
   3.8475413e+01   5.1315622e+01   1.0000000e+00
   3.9520572e+01   4.8858439e+01   1.0000000e+00
   4.1251330e+01   5.1164161e+01   1.0000000e+00
   3.8976384e+01   5.0618753e+01   1.0000000e+00
   4.1537691e+01   4.8104586e+01   1.0000000e+00
   4.0850587e+01   5.1143105e+01   1.0000000e+00
   3.9512594e+01   5.1690252e+01   1.0000000e+00
   3.8995678e+01   4.9969253e+01   1.0000000e+00
   3.9011415e+01   5.1336047e+01   1.0000000e+00
   4.1068974e+01   4.8525415e+01   1.0000000e+00
   3.8199448e+01   5.1039134e+01   1.0000000e+00
   4.0741154e+01   5.1702945e+01   1.0000000e+00
   4.0481112e+01   5.1330830e+01   1.0000000e+00
   4.0986739e+01   4.9037605e+01   1.0000000e+00
   4.1909023e+01   4.8852087e+01   1.0000000e+00
   3.9535654e+01   5.0089259e+01   1.0000000e+00
   3.9040822e+01   4.9589428e+01   1.0000000e+00
   4.1509878e+01   4.9916439e+01   1.0000000e+00
   4.1224384e+01   5.1975615e+01   1.0000000e+00
   3.9844484e+01   5.0417914e+01   1.0000000e+00
   3.8363847e+01   5.1779635e+01   1.0000000e+00
   4.0257075e+01   4.9961769e+01   1.0000000e+00
   3.8749532e+01   4.9751786e+01   1.0000000e+00
   4.0126758e+01   5.1090622e+01   1.0000000e+00
   3.9420133e+01   5.0976266e+01   1.0000000e+00
   3.9259134e+01   4.9771616e+01   1.0000000e+00
   4.0906966e+01   4.8212000e+01   1.0000000e+00
   4.0063091e+01   4.8351287e+01   1.0000000e+00
   4.1162580e+01   5.1191944e+01   1.0000000e+00
   3.8817970e+01   5.0622329e+01   1.0000000e+00
   4.0712424e+01   4.8129342e+01   1.0000000e+00
   3.8209942e+01   5.0228267e+01   1.0000000e+00
   4.1204689e+01   5.0879206e+01   1.0000000e+00
   4.0714275e+01   4.8441632e+01   1.0000000e+00
   4.1784036e+01   4.8866590e+01   1.0000000e+00
   3.8366233e+01   5.1244081e+01   1.0000000e+00
   4.1633753e+01   4.8554648e+01   1.0000000e+00
   4.0039812e+01   5.1527597e+01   1.0000000e+00
   4.0459614e+01   5.1694224e+01   1.0000000e+00
   3.9264285e+01   4.8051022e+01   1.0000000e+00
   3.8309950e+01   4.9508637e+01   1.0000000e+00
   4.1402456e+01   4.8671247e+01   1.0000000e+00
   3.8578108e+01   5.0160891e+01   1.0000000e+00
   3.9481943e+01   4.8406650e+01   1.0000000e+00
   4.0489566e+01   4.8157071e+01   1.0000000e+00
   4.1990208e+01   5.1732916e+01   1.0000000e+00
   4.0069377e+01   5.1886368e+01   1.0000000e+00
   4.1962045e+01   4.9443712e+01   1.0000000e+00
   3.8906138e+01   5.0576822e+01   1.0000000e+00
   3.9592021e+01   4.8271789e+01   1.0000000e+00
   4.0786275e+01   4.8831648e+01   1.0000000e+00
   3.8258563e+01   4.8158415e+01   1.0000000e+00
   4.0990646e+01   4.9877437e+01   1.0000000e+00
   3.9681602e+01   4.8600387e+01   1.0000000e+00
   4.1245270e+01   5.1965228e+01   1.0000000e+00
